tamoc/data/ctd_BM54.cnv
* Sea-Bird SBE 19plus Data File:
* FileName = C:\ctdata\bc\B54.hex
* Software Version Seasave V 7.18
* Temperature SN = 5136
* Conductivity SN = 5136
* System UpLoad Time = May 30 2010 18:22:12
** Ship:R/V  Brooks McCall
** Station ID: B54
** Lat. 28 43.945
** Lon. 88 22.607
# nquan = 15
# nvalues = 11728                                 
# units = specified
# name 0 = tv290C: Temperature [ITS-90, deg C]
# name 1 = prdM: Pressure, Strain Gauge [db]
# name 2 = sbeox0V: Oxygen raw, SBE 43 [V]
# name 3 = flECO-AFL: Fluorescence, Wetlab ECO-AFL/FL [mg/m^3]
# name 4 = v1: Voltage 1
# name 5 = v2: Voltage 2
# name 6 = v3: Voltage 3
# name 7 = c0S/m: Conductivity [S/m]
# name 8 = depSM: Depth [salt water, m]
# name 9 = sal00: Salinity, Practical [PSU]
# name 10 = density00: Density [density, Kg/m^3]
# name 11 = svCM: Sound Velocity [Chen-Millero, m/s]
# name 12 = sbeox0Mg/L: Oxygen, SBE 43 [mg/l]
# name 13 = sbeox0ML/L: Oxygen, SBE 43 [ml/l]
# name 14 = flag:  0.000e+00
# span 0 =     4.3259,    28.9493                 
# span 1 =      0.168,   1545.828                 
# span 2 =     1.2737,     2.6240                 
# span 3 =     0.4205,    88.0530                 
# span 4 =     0.0000,     0.0008                 
# span 5 =     0.0312,     0.9075                 
# span 6 =     0.7170,     5.0000                 
# span 7 =   0.001200,   5.766212                 
# span 8 =      0.167,   1529.789                 
# span 9 =     0.0157,    36.8742                 
# span 10 =   995.9742,  1034.7914                
# span 11 =    1487.36,    1541.81                
# span 12 =    3.79673,    8.31612                
# span 13 =    2.65673,    5.81913                
# span 14 = 0.0000e+00, 0.0000e+00                
# interval = seconds: 0.25
# start_time = May 30 2010 18:22:12
# bad_flag = -9.990e-29
*END*
[from data line 964]
    21.3514     48.057     2.4491     0.9393     0.0000     0.0364     5.0000   5.123312     47.729    36.5322  1025.7727    1527.65    7.08253    4.95594  0.000e+00
    21.3379     48.232     2.4449     0.9622     0.0000     0.0366     5.0000   5.119222     47.902    36.5108  1025.7609    1527.59    7.06379    4.94282  0.000e+00
    21.3090     48.379     2.4407     0.9316     0.0000     0.0363     5.0000   5.117604     48.049    36.5224  1025.7784    1527.53    7.04482    4.92955  0.000e+00
    21.2801     48.559     2.4360     0.9240     0.0000     0.0362     5.0000   5.116774     48.227    36.5403  1025.8008    1527.48    7.02510    4.91575  0.000e+00
    21.2598     48.700     2.4300     0.9469     0.0000     0.0365     5.0000   5.115943     48.368    36.5509  1025.8151    1527.44    6.99415    4.89409  0.000e+00
    21.2459     48.874     2.4231     0.9393     0.0000     0.0364     5.0000   5.115587     48.540    36.5599  1025.8266    1527.41    6.95860    4.86922  0.000e+00
    21.2372     49.034     2.4154     1.2216     0.0000     0.0392     5.0000   5.115327     48.699    36.5652  1025.8337    1527.40    6.91629    4.83961  0.000e+00
    21.2316     49.195     2.4070     1.1758     0.0000     0.0388     5.0000   5.114890     48.859    36.5664  1025.8369    1527.39    6.86914    4.80662  0.000e+00
    21.2276     49.349     2.3999     1.1834     0.0000     0.0388     5.0000   5.114801     49.012    36.5690  1025.8406    1527.38    6.82798    4.77782  0.000e+00
    21.2245     49.497     2.3931     1.1758     0.0000     0.0388     5.0000   5.114118     49.160    36.5662  1025.8400    1527.37    6.79188    4.75255  0.000e+00
    21.2214     49.646     2.3876     1.3055     0.0000     0.0401     5.0000   5.113532     49.308    36.5640  1025.8398    1527.36    6.76532    4.73397  0.000e+00
    21.2174     49.795     2.3821     1.3208     0.0000     0.0402     5.0000   5.113184     49.455    36.5646  1025.8420    1527.36    6.74511    4.71983  0.000e+00
    21.2124     49.919     2.3783     1.3208     0.0000     0.0402     5.0000   5.111478     49.578    36.5551  1025.8367    1527.33    6.74051    4.71661  0.000e+00
    21.2046     50.054     2.3745     1.3131     0.0000     0.0401     5.0000   5.111040     49.713    36.5582  1025.8418    1527.32    6.74067    4.71672  0.000e+00
    21.1974     50.172     2.3716     1.3208     0.0000     0.0402     5.0000   5.110937     49.829    36.5635  1025.8483    1527.31    6.74809    4.72192  0.000e+00
    21.1927     50.289     2.3686     1.0690     0.0000     0.0377     5.0000   5.110611     49.946    36.5648  1025.8511    1527.30    6.75499    4.72675  0.000e+00
    21.1895     50.432     2.3657     1.0537     0.0000     0.0375     5.0000   5.109602     50.087    36.5594  1025.8485    1527.29    6.76028    4.73044  0.000e+00
    21.1843     50.549     2.3633     1.0537     0.0000     0.0375     5.0000   5.109165     50.204    36.5603  1025.8512    1527.28    6.76510    4.73382  0.000e+00
    21.1784     50.685     2.3613     1.0690     0.0000     0.0377     5.0000   5.108861     50.339    36.5628  1025.8553    1527.27    6.76955    4.73693  0.000e+00
    21.1740     50.803     2.3597     1.1758     0.0000     0.0388     5.0000   5.108549     50.456    36.5641  1025.8580    1527.26    6.77424    4.74022  0.000e+00
    21.1707     50.964     2.3583     1.1605     0.0000     0.0386     5.0000   5.107986     50.616    36.5623  1025.8583    1527.25    6.77763    4.74259  0.000e+00
    21.1665     51.124     2.3569     1.1758     0.0000     0.0388     5.0000   5.107029     50.775    36.5582  1025.8570    1527.24    6.78063    4.74468  0.000e+00
    21.1612     51.279     2.3560     1.2139     0.0000     0.0391     5.0000   5.106066     50.929    36.5548  1025.8566    1527.22    6.78514    4.74784  0.000e+00
    21.1537     51.440     2.3554     1.1987     0.0000     0.0390     5.0000   5.105324     51.089    36.5552  1025.8596    1527.20    6.79160    4.75236  0.000e+00
    21.1460     51.594     2.3533     0.9316     0.0000     0.0363     5.0000   5.104746     51.242    36.5571  1025.8638    1527.19    6.78957    4.75094  0.000e+00
    21.1399     51.755     2.3498     0.9316     0.0000     0.0363     5.0000   5.104406     51.401    36.5595  1025.8681    1527.18    6.77648    4.74178  0.000e+00
    21.1349     51.928     2.3485     0.9393     0.0000     0.0364     5.0000   5.104057     51.573    36.5610  1025.8713    1527.17    6.77088    4.73786  0.000e+00
    21.1307     52.089     2.3458     0.9240     0.0000     0.0362     5.0000   5.103620     51.733    36.5609  1025.8731    1527.16    6.75766    4.72861  0.000e+00
    21.1266     52.256     2.3441     1.0842     0.0000     0.0378     5.0000   5.101530     51.899    36.5475  1025.8648    1527.14    6.74896    4.72253  0.000e+00
    21.1180     52.410     2.3430     1.0613     0.0000     0.0376     5.0000   5.098610     52.052    36.5313  1025.8555    1527.10    6.74465    4.71951  0.000e+00
    21.1007     52.577     2.3415     1.0613     0.0000     0.0376     5.0000   5.097225     52.218    36.5349  1025.8637    1527.06    6.74004    4.71628  0.000e+00
    21.0845     52.726     2.3403     1.0690     0.0000     0.0377     5.0000   5.094862     52.366    36.5297  1025.8648    1527.01    6.73930    4.71577  0.000e+00
    21.0679     52.893     2.3391     1.0690     0.0000     0.0377     5.0000   5.092167     52.531    36.5220  1025.8643    1526.96    6.74246    4.71798  0.000e+00
    21.0482     53.035     2.3377     1.2139     0.0000     0.0391     5.0000   5.091034     52.672    36.5297  1025.8762    1526.92    6.74474    4.71957  0.000e+00
    21.0310     53.196     2.3367     1.1834     0.0000     0.0388     5.0000   5.088384     52.832    36.5230  1025.8765    1526.87    6.74575    4.72028  0.000e+00
    21.0132     53.344     2.3354     1.1987     0.0000     0.0390     5.0000   5.086260     52.980    36.5210  1025.8805    1526.82    6.74683    4.72103  0.000e+00
    20.9944     53.468     2.3349     1.1987     0.0000     0.0390     5.0000   5.085727     53.102    36.5328  1025.8953    1526.79    6.74898    4.72254  0.000e+00
    20.9804     53.610     2.3340     1.2216     0.0000     0.0392     5.0000   5.085343     53.244    36.5416  1025.9064    1526.76    6.74875    4.72238  0.000e+00
    20.9721     53.746     2.3326     1.1987     0.0000     0.0390     5.0000   5.084691     53.379    36.5434  1025.9107    1526.74    6.74596    4.72042  0.000e+00
    20.9656     53.883     2.3322     1.2063     0.0000     0.0391     5.0000   5.084085     53.514    36.5440  1025.9135    1526.73    6.74678    4.72100  0.000e+00
    20.9606     54.006     2.3308     1.1911     0.0000     0.0389     5.0000   5.082701     53.637    36.5371  1025.9102    1526.71    6.74332    4.71858  0.000e+00
    20.9534     54.148     2.3312     1.1605     0.0000     0.0386     5.0000   5.081525     53.778    36.5337  1025.9101    1526.69    6.74880    4.72241  0.000e+00
    20.9450     54.266     2.3297     1.0537     0.0000     0.0375     5.0000   5.081051     53.895    36.5370  1025.9155    1526.67    6.74529    4.71996  0.000e+00
    20.9382     54.428     2.3309     1.0842     0.0000     0.0378     5.0000   5.076872     54.055    36.5090  1025.8967    1526.62    6.75565    4.72720  0.000e+00
    20.9232     54.582     2.3306     1.0766     0.0000     0.0378     5.0000   5.069397     54.208    36.4613  1025.8652    1526.53    6.76216    4.73176  0.000e+00
    20.8903     54.730     2.3317     1.0842     0.0000     0.0378     5.0000   5.067196     54.356    36.4716  1025.8827    1526.46    6.77620    4.74158  0.000e+00
    20.8594     54.879     2.3320     1.0613     0.0000     0.0376     5.0000   5.064558     54.504    36.4767  1025.8957    1526.38    6.78732    4.74937  0.000e+00
    20.8339     55.033     2.3316     1.0842     0.0000     0.0378     5.0000   5.060717     54.657    36.4674  1025.8962    1526.31    6.79302    4.75336  0.000e+00
    20.8090     55.182     2.3330     1.0842     0.0000     0.0378     5.0000   5.057779     54.804    36.4648  1025.9017    1526.24    6.80676    4.76297  0.000e+00
    20.7833     55.330     2.3355     1.0461     0.0000     0.0375     5.0000   5.051445     54.951    36.4354  1025.8870    1526.14    6.82701    4.77714  0.000e+00
    20.7510     55.478     2.3386     1.0842     0.0000     0.0378     5.0000   5.046716     55.098    36.4247  1025.8883    1526.04    6.85350    4.79567  0.000e+00
    20.7115     55.632     2.3420     1.2063     0.0000     0.0391     5.0000   5.037389     55.252    36.3828  1025.8677    1525.89    6.88326    4.81650  0.000e+00
    20.6639     55.756     2.3457     1.2139     0.0000     0.0391     5.0000   5.031347     55.375    36.3744  1025.8748    1525.76    6.91718    4.84024  0.000e+00
    20.6146     55.924     2.3458     1.1911     0.0000     0.0389     5.0000   5.029506     55.542    36.4017  1025.9097    1525.66    6.93012    4.84929  0.000e+00
    20.5772     56.055     2.3519     1.1682     0.0000     0.0387     5.0000   5.026980     55.671    36.4132  1025.9293    1525.57    6.97049    4.87754  0.000e+00
    20.5506     56.196     2.3588     1.3208     0.0000     0.0402     5.0000   5.021848     55.812    36.3942  1025.9226    1525.48    7.01829    4.91099  0.000e+00
    20.5200     56.339     2.3661     1.2826     0.0000     0.0398     5.0000   5.015358     55.954    36.3675  1025.9111    1525.37    7.06834    4.94601  0.000e+00
    20.4808     56.493     2.3741     1.3284     0.0000     0.0403     5.0000   5.011688     56.107    36.3712  1025.9253    1525.27    7.12372    4.98476  0.000e+00
    20.4447     56.642     2.3819     1.3055     0.0000     0.0401     5.0000   5.005938     56.255    36.3552  1025.9235    1525.16    7.17923    5.02360  0.000e+00
    20.4084     56.790     2.3881     1.2979     0.0000     0.0400     5.0000   5.002492     56.402    36.3583  1025.9362    1525.06    7.22597    5.05631  0.000e+00
    20.3747     56.932     2.3952     1.1987     0.0000     0.0390     5.0000   4.993574     56.543    36.3142  1025.9124    1524.92    7.27585    5.09121  0.000e+00
    20.3297     57.099     2.4022     1.2063     0.0000     0.0391     5.0000   4.985177     56.709    36.2842  1025.9023    1524.77    7.32316    5.12432  0.000e+00
    20.2736     57.247     2.4096     1.1682     0.0000     0.0387     5.0000   4.973757     56.856    36.2388  1025.8834    1524.57    7.36324    5.15236  0.000e+00
    20.2062     57.402     2.4173     1.1911     0.0000     0.0389     5.0000   4.961705     57.009    36.1979  1025.8710    1524.34    7.40450    5.18123  0.000e+00
    20.1281     57.545     2.4254     1.0461     0.0000     0.0375     5.0000   4.957621     57.151    36.2315  1025.9181    1524.17    7.44632    5.21050  0.000e+00
    20.0622     57.706     2.4347     1.0766     0.0000     0.0378     5.0000   4.952374     57.311    36.2451  1025.9468    1524.00    7.49514    5.24465  0.000e+00
    20.0114     57.860     2.4434     1.0613     0.0000     0.0376     5.0000   4.950063     57.464    36.2697  1025.9798    1523.89    7.54201    5.27746  0.000e+00
    19.9740     58.003     2.4528     1.0690     0.0000     0.0377     5.0000   4.948220     57.606    36.2868  1026.0034    1523.81    7.59263    5.31287  0.000e+00
    19.9475     58.152     2.4632     1.0385     0.0000     0.0374     5.0000   4.946706     57.754    36.2972  1026.0190    1523.75    7.64733    5.35115  0.000e+00
    19.9281     58.305     2.4734     0.9622     0.0000     0.0366     5.0000   4.943840     57.906    36.2902  1026.0195    1523.69    7.70112    5.38879  0.000e+00
    19.9100     58.448     2.4845     0.9240     0.0000     0.0362     5.0000   4.942685     58.048    36.2963  1026.0296    1523.65    7.75846    5.42892  0.000e+00
    19.8941     58.615     2.4957     0.9545     0.0000     0.0365     5.0000   4.942429     58.214    36.3079  1026.0435    1523.62    7.81511    5.46856  0.000e+00
    19.8846     58.751     2.5028     0.9622     0.0000     0.0366     5.0000   4.941720     58.349    36.3103  1026.0483    1523.60    7.84740    5.49115  0.000e+00
    19.8772     58.887     2.5114     1.0690     0.0000     0.0377     5.0000   4.936195     58.484    36.2709  1026.0208    1523.54    7.88150    5.51501  0.000e+00
    19.8584     59.042     2.5182     1.0690     0.0000     0.0377     5.0000   4.929679     58.638    36.2333  1025.9978    1523.45    7.90548    5.53179  0.000e+00
    19.8232     59.197     2.5236     1.0537     0.0000     0.0375     5.0000   4.925094     58.791    36.2258  1026.0021    1523.34    7.91621    5.53930  0.000e+00
    19.7854     59.345     2.5290     1.0842     0.0000     0.0378     5.0000   4.919628     58.938    36.2132  1026.0031    1523.23    7.92226    5.54353  0.000e+00
    19.7459     59.488     2.5330     1.0766     0.0000     0.0378     5.0000   4.910475     59.080    36.1715  1025.9824    1523.07    7.92057    5.54235  0.000e+00
    19.6951     59.624     2.5379     1.0690     0.0000     0.0377     5.0000   4.906948     59.215    36.1862  1026.0075    1522.95    7.92163    5.54309  0.000e+00
    19.6484     59.760     2.5427     1.0690     0.0000     0.0377     5.0000   4.907277     59.350    36.2293  1026.0533    1522.87    7.92567    5.54592  0.000e+00
    19.6163     59.921     2.5475     1.0156     0.0000     0.0372     5.0000   4.906738     59.511    36.2526  1026.0803    1522.81    7.93550    5.55279  0.000e+00
    19.5959     60.057     2.5534     1.0690     0.0000     0.0377     5.0000   4.906906     59.646    36.2716  1026.1008    1522.78    7.95203    5.56436  0.000e+00
    19.5840     60.187     2.5589     1.1834     0.0000     0.0388     5.0000   4.907569     59.775    36.2875  1026.1166    1522.77    7.97188    5.57825  0.000e+00
    19.5785     60.330     2.5634     1.2139     0.0000     0.0391     5.0000   4.908320     59.916    36.2985  1026.1271    1522.76    7.99022    5.59109  0.000e+00
    19.5759     60.491     2.5668     1.1834     0.0000     0.0388     5.0000   4.909108     60.076    36.3072  1026.1351    1522.77    8.00118    5.59876  0.000e+00
    19.5746     60.626     2.5680     1.2292     0.0000     0.0393     5.0000   4.909297     60.211    36.3098  1026.1380    1522.77    7.99873    5.59704  0.000e+00
    19.5736     60.781     2.5686     1.1682     0.0000     0.0387     5.0000   4.909319     60.365    36.3108  1026.1397    1522.77    7.98608    5.58819  0.000e+00
    19.5722     60.936     2.5679     1.1758     0.0000     0.0388     5.0000   4.909188     60.519    36.3109  1026.1408    1522.77    7.96153    5.57101  0.000e+00
    19.5713     61.085     2.5667     1.1911     0.0000     0.0389     5.0000   4.909108     60.666    36.3110  1026.1418    1522.77    7.93064    5.54939  0.000e+00
    19.5702     61.233     2.5638     1.1834     0.0000     0.0388     5.0000   4.908999     60.813    36.3110  1026.1427    1522.77    7.88741    5.51915  0.000e+00
    19.5682     61.375     2.5611     1.2139     0.0000     0.0391     5.0000   4.909480     60.955    36.3166  1026.1482    1522.77    7.84578    5.49001  0.000e+00
    19.5668     61.512     2.5586     1.1834     0.0000     0.0388     5.0000   4.909896     61.090    36.3213  1026.1527    1522.78    7.80985    5.46487  0.000e+00
    19.5651     61.660     2.5561     1.1911     0.0000     0.0389     5.0000   4.909983     61.237    36.3234  1026.1554    1522.78    7.77998    5.44397  0.000e+00
    19.5643     61.791     2.5531     1.1987     0.0000     0.0390     5.0000   4.909896     61.367    36.3233  1026.1561    1522.78    7.75409    5.42586  0.000e+00
    19.5639     61.932     2.5488     1.1834     0.0000     0.0388     5.0000   4.909867     61.508    36.3234  1026.1569    1522.78    7.72402    5.40481  0.000e+00
    19.5637     62.051     2.5467     1.1682     0.0000     0.0387     5.0000   4.909860     61.626    36.3235  1026.1576    1522.78    7.70930    5.39451  0.000e+00
