tamoc/data/ctd_BM54.cnv
* Sea-Bird SBE 19plus Data File:
* FileName = C:\ctdata\bc\B54.hex
* Software Version Seasave V 7.18
* Temperature SN = 5136
* Conductivity SN = 5136
* System UpLoad Time = May 30 2010 18:22:12
** Ship:R/V  Brooks McCall
** Station ID: B54
** Lat. 28 43.945
** Lon. 88 22.607
# nquan = 15
# nvalues = 11728                                 
# units = specified
# name 0 = tv290C: Temperature [ITS-90, deg C]
# name 1 = prdM: Pressure, Strain Gauge [db]
# name 2 = sbeox0V: Oxygen raw, SBE 43 [V]
# name 3 = flECO-AFL: Fluorescence, Wetlab ECO-AFL/FL [mg/m^3]
# name 4 = v1: Voltage 1
# name 5 = v2: Voltage 2
# name 6 = v3: Voltage 3
# name 7 = c0S/m: Conductivity [S/m]
# name 8 = depSM: Depth [salt water, m]
# name 9 = sal00: Salinity, Practical [PSU]
# name 10 = density00: Density [density, Kg/m^3]
# name 11 = svCM: Sound Velocity [Chen-Millero, m/s]
# name 12 = sbeox0Mg/L: Oxygen, SBE 43 [mg/l]
# name 13 = sbeox0ML/L: Oxygen, SBE 43 [ml/l]
# name 14 = flag:  0.000e+00
# span 0 =     4.3259,    28.9493                 
# span 1 =      0.168,   1545.828                 
# span 2 =     1.2737,     2.6240                 
# span 3 =     0.4205,    88.0530                 
# span 4 =     0.0000,     0.0008                 
# span 5 =     0.0312,     0.9075                 
# span 6 =     0.7170,     5.0000                 
# span 7 =   0.001200,   5.766212                 
# span 8 =      0.167,   1529.789                 
# span 9 =     0.0157,    36.8742                 
# span 10 =   995.9742,  1034.7914                
# span 11 =    1487.36,    1541.81                
# span 12 =    3.79673,    8.31612                
# span 13 =    2.65673,    5.81913                
# span 14 = 0.0000e+00, 0.0000e+00                
# interval = seconds: 0.25
# start_time = May 30 2010 18:22:12
# bad_flag = -9.990e-29
*END*
[from data line 8579]
     4.6554   1142.542     1.5194    11.0713     0.0005     0.1377     5.0000   3.360467   1131.769    34.9453  1032.9096    1488.09    6.20400    4.34119  0.000e+00
     4.6552   1142.659     1.5190    11.1018     0.0003     0.1380     5.0000   3.360498   1131.884    34.9458  1032.9106    1488.09    6.19556    4.33529  0.000e+00
     4.6554   1142.745     1.5194    11.2239     0.0002     0.1392     5.0000   3.360399   1131.969    34.9444  1032.9099    1488.09    6.20206    4.33983  0.000e+00
     4.6550   1142.841     1.5189    11.2162     0.0006     0.1392     5.0000   3.360305   1132.065    34.9437  1032.9098    1488.09    6.19796    4.33697  0.000e+00
     4.6545   1142.928     1.5197    11.2162     0.0002     0.1392     5.0000   3.360336   1132.150    34.9446  1032.9110    1488.09    6.20885    4.34458  0.000e+00
     4.6540   1143.009     1.5199    11.2010     0.0002     0.1390     5.0000   3.360368   1132.230    34.9454  1032.9120    1488.09    6.21397    4.34817  0.000e+00
     4.6537   1143.087     1.5196    11.2239     0.0002     0.1392     5.0000   3.360336   1132.307    34.9453  1032.9123    1488.09    6.20774    4.34381  0.000e+00
     4.6536   1143.179     1.5205    11.8113     0.0004     0.1451     5.0000   3.360374   1132.398    34.9458  1032.9132    1488.09    6.21344    4.34780  0.000e+00
     4.6536   1143.269     1.5200    11.8190     0.0002     0.1452     5.0000   3.360405   1132.488    34.9461  1032.9138    1488.09    6.20707    4.34334  0.000e+00
     4.6537   1143.392     1.5199    11.8418     0.0005     0.1454     5.0000   3.360336   1132.609    34.9452  1032.9137    1488.09    6.20717    4.34341  0.000e+00
     4.6537   1143.533     1.5199    11.8418     0.0002     0.1454     5.0000   3.360374   1132.748    34.9455  1032.9146    1488.09    6.20205    4.33983  0.000e+00
     4.6538   1143.685     1.5206    11.2239     0.0004     0.1392     5.0000   3.360374   1132.898    34.9454  1032.9151    1488.10    6.20991    4.34533  0.000e+00
     4.6537   1143.851     1.5202    11.2010     0.0003     0.1390     5.0000   3.360368   1133.063    34.9453  1032.9158    1488.10    6.20123    4.33925  0.000e+00
     4.6537   1144.027     1.5209    11.2239     0.0004     0.1392     5.0000   3.360468   1133.236    34.9463  1032.9174    1488.10    6.20798    4.34398  0.000e+00
     4.6540   1144.218     1.5206    11.2239     0.0002     0.1392     5.0000   3.360468   1133.424    34.9460  1032.9180    1488.11    6.20785    4.34388  0.000e+00
     4.6541   1144.412     1.5212    11.2239     0.0004     0.1392     5.0000   3.360468   1133.616    34.9457  1032.9186    1488.11    6.21230    4.34700  0.000e+00
     4.6543   1144.588     1.5214    11.9487     0.0004     0.1465     5.0000   3.360455   1133.790    34.9453  1032.9191    1488.11    6.22162    4.35353  0.000e+00
     4.6543   1144.767     1.5212    11.9715     0.0002     0.1467     5.0000   3.360437   1133.967    34.9450  1032.9196    1488.12    6.22037    4.35265  0.000e+00
     4.6541   1144.926     1.5212    11.9181     0.0003     0.1462     5.0000   3.360499   1134.124    34.9458  1032.9210    1488.12    6.21762    4.35073  0.000e+00
     4.6543   1145.078     1.5219    11.9410     0.0002     0.1464     5.0000   3.360456   1134.274    34.9451  1032.9211    1488.12    6.22233    4.35402  0.000e+00
     4.6542   1145.232     1.5226    11.9792     0.0006     0.1468     5.0000   3.360530   1134.426    34.9460  1032.9225    1488.13    6.23503    4.36291  0.000e+00
     4.6542   1145.366     1.5227    11.9563     0.0001     0.1466     5.0000   3.360499   1134.559    34.9456  1032.9228    1488.13    6.23722    4.36444  0.000e+00
     4.6543   1145.494     1.5229    11.9792     0.0004     0.1468     5.0000   3.360337   1134.685    34.9435  1032.9218    1488.13    6.24328    4.36868  0.000e+00
     4.6536   1145.603     1.5232    11.9487     0.0002     0.1465     5.0000   3.360094   1134.793    34.9413  1032.9207    1488.12    6.24513    4.36997  0.000e+00
     4.6517   1145.721     1.5238    11.9334     0.0003     0.1463     5.0000   3.359957   1134.909    34.9416  1032.9217    1488.12    6.25434    4.37642  0.000e+00
     4.6503   1145.836     1.5227    12.0631     0.0002     0.1476     5.0000   3.360025   1135.023    34.9439  1032.9242    1488.12    6.24222    4.36794  0.000e+00
     4.6492   1145.946     1.5240    12.0250     0.0005     0.1472     5.0000   3.360094   1135.132    34.9458  1032.9263    1488.12    6.24986    4.37328  0.000e+00
     4.6491   1146.055     1.5238    12.0250     0.0006     0.1472     5.0000   3.360088   1135.240    34.9457  1032.9268    1488.12    6.24091    4.36702  0.000e+00
     4.6491   1146.147     1.5239    12.0631     0.0005     0.1476     5.0000   3.360088   1135.330    34.9457  1032.9272    1488.12    6.23671    4.36408  0.000e+00
     4.6493   1146.250     1.5239    12.4446     0.0002     0.1514     5.0000   3.360150   1135.432    34.9462  1032.9280    1488.12    6.23592    4.36353  0.000e+00
     4.6495   1146.362     1.5239    12.4141     0.0002     0.1511     5.0000   3.360219   1135.542    34.9467  1032.9289    1488.13    6.23189    4.36071  0.000e+00
     4.6499   1146.472     1.5250    12.4369     0.0001     0.1514     5.0000   3.360182   1135.652    34.9458  1032.9286    1488.13    6.24408    4.36924  0.000e+00
     4.6501   1146.581     1.5246    12.4217     0.0002     0.1512     5.0000   3.360182   1135.759    34.9455  1032.9289    1488.13    6.24117    4.36721  0.000e+00
     4.6501   1146.705     1.5256    12.4522     0.0005     0.1515     5.0000   3.360157   1135.881    34.9452  1032.9292    1488.13    6.25795    4.37894  0.000e+00
     4.6500   1146.838     1.5257    12.3149     0.0003     0.1501     5.0000   3.360182   1136.013    34.9454  1032.9300    1488.13    6.25727    4.37847  0.000e+00
     4.6499   1146.966     1.5254    12.3149     0.0002     0.1501     5.0000   3.360151   1136.140    34.9451  1032.9303    1488.14    6.25812    4.37906  0.000e+00
     4.6498   1147.095     1.5261    12.3072     0.0005     0.1501     5.0000   3.360038   1136.267    34.9439  1032.9299    1488.14    6.26557    4.38428  0.000e+00
     4.6493   1147.248     1.5256    12.3378     0.0002     0.1504     5.0000   3.360088   1136.418    34.9449  1032.9315    1488.14    6.25782    4.37886  0.000e+00
     4.6488   1147.388     1.5266    13.1770     0.0004     0.1588     5.0000   3.360213   1136.556    34.9468  1032.9337    1488.14    6.26451    4.38354  0.000e+00
     4.6492   1147.554     1.5257    13.1541     0.0002     0.1585     5.0000   3.360213   1136.720    34.9463  1032.9340    1488.14    6.24788    4.37190  0.000e+00
     4.6497   1147.731     1.5266    13.1389     0.0000     0.1584     5.0000   3.360219   1136.895    34.9458  1032.9343    1488.15    6.25533    4.37711  0.000e+00
     4.6498   1147.883     1.5264    13.1694     0.0004     0.1587     5.0000   3.360026   1137.045    34.9433  1032.9331    1488.15    6.24840    4.37226  0.000e+00
     4.6493   1148.042     1.5267    13.1465     0.0002     0.1585     5.0000   3.359864   1137.202    34.9420  1032.9328    1488.15    6.25259    4.37519  0.000e+00
     4.6484   1148.207     1.5267    12.0631     0.0003     0.1476     5.0000   3.359945   1137.365    34.9437  1032.9351    1488.15    6.25409    4.37624  0.000e+00
     4.6475   1148.360     1.5271    12.0707     0.0002     0.1477     5.0000   3.359770   1137.516    34.9426  1032.9350    1488.15    6.25621    4.37772  0.000e+00
     4.6462   1148.524     1.5272    12.0555     0.0005     0.1476     5.0000   3.359484   1137.678    34.9405  1032.9343    1488.14    6.26042    4.38068  0.000e+00
     4.6440   1148.665     1.5272    12.0860     0.0002     0.1479     5.0000   3.359390   1137.818    34.9417  1032.9361    1488.14    6.25711    4.37836  0.000e+00
     4.6422   1148.798     1.5277    12.5438     0.0005     0.1524     5.0000   3.359340   1137.949    34.9430  1032.9380    1488.13    6.26636    4.38483  0.000e+00
     4.6409   1148.928     1.5272    12.5438     0.0003     0.1524     5.0000   3.359359   1138.077    34.9444  1032.9399    1488.13    6.25642    4.37788  0.000e+00
     4.6403   1149.038     1.5267    12.5361     0.0008     0.1524     5.0000   3.359421   1138.186    34.9457  1032.9415    1488.13    6.24810    4.37205  0.000e+00
     4.6401   1149.141     1.5280    12.5667     0.0004     0.1527     5.0000   3.359496   1138.288    34.9468  1032.9428    1488.13    6.25761    4.37871  0.000e+00
     4.6404   1149.240     1.5275    12.5590     0.0004     0.1526     5.0000   3.359453   1138.385    34.9458  1032.9425    1488.14    6.25326    4.37566  0.000e+00
     4.6404   1149.342     1.5265    13.1465     0.0002     0.1585     5.0000   3.359453   1138.487    34.9458  1032.9429    1488.14    6.23667    4.36406  0.000e+00
     4.6404   1149.460     1.5277    13.1465     0.0003     0.1585     5.0000   3.359328   1138.603    34.9443  1032.9423    1488.14    6.24713    4.37137  0.000e+00
     4.6400   1149.569     1.5262    13.1618     0.0004     0.1586     5.0000   3.359253   1138.711    34.9438  1032.9424    1488.14    6.22863    4.35843  0.000e+00
     4.6394   1149.679     1.5264    13.1465     0.0006     0.1585     5.0000   3.359228   1138.820    34.9441  1032.9433    1488.14    6.22355    4.35488  0.000e+00
     4.6384   1149.803     1.5263    12.9176     0.0002     0.1562     5.0000   3.359197   1138.942    34.9447  1032.9445    1488.14    6.22245    4.35410  0.000e+00
     4.6380   1149.942     1.5250    12.9023     0.0003     0.1560     5.0000   3.359191   1139.079    34.9450  1032.9454    1488.14    6.20218    4.33992  0.000e+00
     4.6376   1150.064     1.5250    12.9176     0.0003     0.1562     5.0000   3.359135   1139.200    34.9447  1032.9458    1488.14    6.19084    4.33199  0.000e+00
     4.6375   1150.192     1.5245    12.8795     0.0005     0.1558     5.0000   3.359104   1139.326    34.9444  1032.9461    1488.14    6.18637    4.32886  0.000e+00
     4.6370   1150.352     1.5244    12.9023     0.0005     0.1560     5.0000   3.359135   1139.484    34.9452  1032.9475    1488.14    6.18531    4.32812  0.000e+00
     4.6367   1150.499     1.5253    13.2686     0.0005     0.1597     5.0000   3.359135   1139.630    34.9454  1032.9484    1488.14    6.19432    4.33442  0.000e+00
     4.6367   1150.652     1.5241    13.2762     0.0004     0.1598     5.0000   3.359135   1139.780    34.9454  1032.9491    1488.14    6.19470    4.33468  0.000e+00
     4.6367   1150.816     1.5241    13.2609     0.0004     0.1596     5.0000   3.359229   1139.943    34.9464  1032.9506    1488.15    6.19613    4.33569  0.000e+00
     4.6369   1150.956     1.5240    13.2686     0.0002     0.1597     5.0000   3.359223   1140.081    34.9460  1032.9509    1488.15    6.20034    4.33863  0.000e+00
     4.6370   1151.103     1.5224    13.4059     0.0004     0.1611     5.0000   3.359297   1140.226    34.9467  1032.9521    1488.15    6.18822    4.33015  0.000e+00
     4.6374   1151.254     1.5223    13.3906     0.0002     0.1609     5.0000   3.359260   1140.375    34.9457  1032.9520    1488.16    6.17842    4.32329  0.000e+00
     4.6376   1151.390     1.5222    13.4059     0.0005     0.1611     5.0000   3.359329   1140.510    34.9463  1032.9530    1488.16    6.17426    4.32038  0.000e+00
     4.6379   1151.531     1.5221    13.4059     0.0001     0.1611     5.0000   3.359372   1140.649    34.9464  1032.9537    1488.16    6.16980    4.31726  0.000e+00
     4.6382   1151.671     1.5217    13.3906     0.0005     0.1609     5.0000   3.359422   1140.787    34.9466  1032.9544    1488.17    6.16255    4.31219  0.000e+00
     4.6385   1151.806     1.5213    13.9705     0.0004     0.1667     5.0000   3.359329   1140.921    34.9452  1032.9539    1488.17    6.16667    4.31507  0.000e+00
     4.6385   1151.947     1.5206    13.9476     0.0004     0.1665     5.0000   3.359373   1141.059    34.9456  1032.9549    1488.17    6.15963    4.31015  0.000e+00
     4.6387   1152.069     1.5207    13.9323     0.0003     0.1663     5.0000   3.359422   1141.180    34.9460  1032.9557    1488.18    6.16507    4.31396  0.000e+00
     4.6388   1152.203     1.5198    13.9476     0.0002     0.1665     5.0000   3.359423   1141.313    34.9457  1032.9561    1488.18    6.16359    4.31292  0.000e+00
     4.6389   1152.343     1.5198    13.9018     0.0004     0.1660     5.0000   3.359485   1141.451    34.9463  1032.9571    1488.18    6.16063    4.31085  0.000e+00
     4.6391   1152.491     1.5199    13.9018     0.0005     0.1660     5.0000   3.359554   1141.597    34.9468  1032.9582    1488.19    6.16219    4.31194  0.000e+00
     4.6397   1152.631     1.5196    13.8713     0.0003     0.1657     5.0000   3.359454   1141.735    34.9449  1032.9572    1488.19    6.16284    4.31240  0.000e+00
     4.6398   1152.759     1.5194    13.8637     0.0004     0.1656     5.0000   3.359579   1141.862    34.9462  1032.9588    1488.19    6.16743    4.31560  0.000e+00
     4.6400   1152.881     1.5195    13.8484     0.0005     0.1655     5.0000   3.359435   1141.982    34.9443  1032.9578    1488.19    6.17484    4.32079  0.000e+00
     4.6398   1153.004     1.5204    13.4898     0.0002     0.1619     5.0000   3.359454   1142.104    34.9446  1032.9587    1488.19    6.19374    4.33402  0.000e+00
     4.6392   1153.131     1.5203    13.5280     0.0005     0.1623     5.0000   3.359229   1142.229    34.9426  1032.9578    1488.19    6.20180    4.33965  0.000e+00
     4.6382   1153.247     1.5203    13.4975     0.0002     0.1620     5.0000   3.359136   1142.344    34.9425  1032.9583    1488.19    6.21160    4.34651  0.000e+00
     4.6371   1153.357     1.5201    13.5127     0.0004     0.1621     5.0000   3.359011   1142.453    34.9422  1032.9588    1488.19    6.21105    4.34613  0.000e+00
     4.6356   1153.485     1.5201    13.7492     0.0004     0.1645     5.0000   3.359261   1142.579    34.9466  1032.9630    1488.19    6.21242    4.34709  0.000e+00
     4.6355   1153.596     1.5213    13.7645     0.0005     0.1646     5.0000   3.358949   1142.689    34.9431  1032.9607    1488.18    6.22931    4.35890  0.000e+00
     4.6349   1153.717     1.5216    13.7416     0.0004     0.1644     5.0000   3.358774   1142.809    34.9416  1032.9602    1488.18    6.23782    4.36486  0.000e+00
     4.6334   1153.841     1.5221    13.7569     0.0000     0.1646     5.0000   3.358880   1142.930    34.9443  1032.9631    1488.18    6.24551    4.37024  0.000e+00
     4.6326   1153.957     1.5219    13.7874     0.0005     0.1649     5.0000   3.358912   1143.045    34.9454  1032.9646    1488.18    6.24403    4.36920  0.000e+00
     4.6326   1154.085     1.5212    14.5580     0.0004     0.1726     5.0000   3.358881   1143.172    34.9450  1032.9649    1488.18    6.23745    4.36460  0.000e+00
     4.6324   1154.211     1.5227    14.5580     0.0002     0.1726     5.0000   3.359136   1143.297    34.9481  1032.9679    1488.19    6.25265    4.37524  0.000e+00
     4.6332   1154.360     1.5241    14.5351     0.0005     0.1724     5.0000   3.359392   1143.444    34.9502  1032.9701    1488.20    6.27322    4.38963  0.000e+00
     4.6349   1154.512     1.5231    14.5580     0.0002     0.1726     5.0000   3.359012   1143.594    34.9439  1032.9656    1488.20    6.26361    4.38291  0.000e+00
     4.6348   1154.652     1.5231    14.6419     0.0004     0.1734     5.0000   3.358775   1143.732    34.9411  1032.9641    1488.20    6.25369    4.37596  0.000e+00
     4.6322   1154.825     1.5237    14.6877     0.0005     0.1739     5.0000   3.358182   1143.903    34.9370  1032.9620    1488.18    6.25852    4.37934  0.000e+00
     4.6293   1154.983     1.5238    14.7105     0.0005     0.1741     5.0000   3.358026   1144.058    34.9381  1032.9640    1488.18    6.25988    4.38029  0.000e+00
