tamoc/data/ctd_BM54.cnv
* Sea-Bird SBE 19plus Data File:
* FileName = C:\ctdata\bc\B54.hex
* Software Version Seasave V 7.18
* Temperature SN = 5136
* Conductivity SN = 5136
* System UpLoad Time = May 30 2010 18:22:12
** Ship:R/V  Brooks McCall
** Station ID: B54
** Lat. 28 43.945
** Lon. 88 22.607
# nquan = 15
# nvalues = 11728                                 
# units = specified
# name 0 = tv290C: Temperature [ITS-90, deg C]
# name 1 = prdM: Pressure, Strain Gauge [db]
# name 2 = sbeox0V: Oxygen raw, SBE 43 [V]
# name 3 = flECO-AFL: Fluorescence, Wetlab ECO-AFL/FL [mg/m^3]
# name 4 = v1: Voltage 1
# name 5 = v2: Voltage 2
# name 6 = v3: Voltage 3
# name 7 = c0S/m: Conductivity [S/m]
# name 8 = depSM: Depth [salt water, m]
# name 9 = sal00: Salinity, Practical [PSU]
# name 10 = density00: Density [density, Kg/m^3]
# name 11 = svCM: Sound Velocity [Chen-Millero, m/s]
# name 12 = sbeox0Mg/L: Oxygen, SBE 43 [mg/l]
# name 13 = sbeox0ML/L: Oxygen, SBE 43 [ml/l]
# name 14 = flag:  0.000e+00
# span 0 =     4.3259,    28.9493                 
# span 1 =      0.168,   1545.828                 
# span 2 =     1.2737,     2.6240                 
# span 3 =     0.4205,    88.0530                 
# span 4 =     0.0000,     0.0008                 
# span 5 =     0.0312,     0.9075                 
# span 6 =     0.7170,     5.0000                 
# span 7 =   0.001200,   5.766212                 
# span 8 =      0.167,   1529.789                 
# span 9 =     0.0157,    36.8742                 
# span 10 =   995.9742,  1034.7914                
# span 11 =    1487.36,    1541.81                
# span 12 =    3.79673,    8.31612                
# span 13 =    2.65673,    5.81913                
# span 14 = 0.0000e+00, 0.0000e+00                
# interval = seconds: 0.25
# start_time = May 30 2010 18:22:12
# bad_flag = -9.990e-29
*END*
[from data line 9543]
     4.4726   1269.900     1.5600     4.5633     0.0005     0.0726     5.0000   3.350080   1257.545    34.9527  1033.5174    1489.46    6.57252    4.59906  0.000e+00
     4.4716   1270.033     1.5605     4.5480     0.0005     0.0725     5.0000   3.349831   1257.677    34.9508  1033.5166    1489.45    6.57642    4.60179  0.000e+00
     4.4700   1270.150     1.5600     4.5786     0.0003     0.0728     5.0000   3.349575   1257.792    34.9495  1033.5164    1489.45    6.57365    4.59985  0.000e+00
     4.4677   1270.265     1.5600     4.5328     0.0006     0.0723     5.0000   3.349295   1257.906    34.9486  1033.5165    1489.44    6.57312    4.59948  0.000e+00
     4.4647   1270.388     1.5604     4.5633     0.0004     0.0726     5.0000   3.349183   1258.027    34.9503  1033.5188    1489.43    6.57866    4.60336  0.000e+00
     4.4625   1270.497     1.5601     5.1889     0.0005     0.0789     5.0000   3.348978   1258.134    34.9503  1033.5196    1489.42    6.57603    4.60152  0.000e+00
     4.4605   1270.607     1.5604     5.1660     0.0002     0.0787     5.0000   3.348915   1258.243    34.9515  1033.5213    1489.42    6.57818    4.60302  0.000e+00
     4.4590   1270.717     1.5606     5.1813     0.0006     0.0788     5.0000   3.348722   1258.352    34.9508  1033.5215    1489.41    6.58503    4.60781  0.000e+00
     4.4572   1270.828     1.5600     5.1660     0.0004     0.0787     5.0000   3.348791   1258.462    34.9534  1033.5243    1489.41    6.57963    4.60404  0.000e+00
     4.4563   1270.943     1.5600     5.7001     0.0005     0.0840     5.0000   3.348754   1258.575    34.9538  1033.5253    1489.41    6.57669    4.60198  0.000e+00
     4.4558   1271.052     1.5610     5.6848     0.0003     0.0838     5.0000   3.348629   1258.683    34.9529  1033.5251    1489.41    6.59155    4.61238  0.000e+00
     4.4549   1271.169     1.5604     5.6467     0.0002     0.0835     5.0000   3.348598   1258.798    34.9534  1033.5261    1489.41    6.58673    4.60900  0.000e+00
     4.4543   1271.298     1.5606     5.6848     0.0003     0.0838     5.0000   3.348642   1258.925    34.9545  1033.5277    1489.41    6.58650    4.60885  0.000e+00
     4.4541   1271.433     1.5604     5.6467     0.0005     0.0835     5.0000   3.348785   1259.059    34.9563  1033.5298    1489.41    6.58561    4.60822  0.000e+00
     4.4546   1271.554     1.5607     5.6848     0.0004     0.0838     5.0000   3.348885   1259.178    34.9568  1033.5306    1489.42    6.58644    4.60880  0.000e+00
     4.4554   1271.700     1.5606     5.6696     0.0003     0.0837     5.0000   3.348785   1259.323    34.9548  1033.5296    1489.42    6.58680    4.60906  0.000e+00
     4.4557   1271.823     1.5608     5.6543     0.0005     0.0835     5.0000   3.348704   1259.444    34.9535  1033.5291    1489.42    6.59218    4.61282  0.000e+00
     4.4553   1271.975     1.5616     5.6772     0.0002     0.0838     5.0000   3.348442   1259.594    34.9508  1033.5277    1489.42    6.60068    4.61877  0.000e+00
     4.4536   1272.116     1.5604     5.7993     0.0004     0.0850     5.0000   3.348405   1259.733    34.9521  1033.5296    1489.42    6.58448    4.60743  0.000e+00
     4.4524   1272.267     1.5613     5.7840     0.0005     0.0848     5.0000   3.348443   1259.882    34.9536  1033.5316    1489.42    6.59755    4.61658  0.000e+00
     4.4519   1272.439     1.5606     5.8145     0.0005     0.0851     5.0000   3.348430   1260.052    34.9540  1033.5328    1489.42    6.58902    4.61061  0.000e+00
     4.4514   1272.573     1.5612     5.7764     0.0005     0.0848     5.0000   3.348405   1260.184    34.9541  1033.5335    1489.42    6.59475    4.61462  0.000e+00
     4.4513   1272.738     1.5611     5.7993     0.0005     0.0850     5.0000   3.348405   1260.347    34.9541  1033.5343    1489.42    6.59275    4.61322  0.000e+00
     4.4511   1272.884     1.5605     5.5322     0.0005     0.0823     5.0000   3.348374   1260.492    34.9540  1033.5349    1489.42    6.58344    4.60670  0.000e+00
     4.4508   1273.030     1.5614     5.5322     0.0004     0.0823     5.0000   3.348312   1260.636    34.9535  1033.5352    1489.42    6.58956    4.61098  0.000e+00
     4.4504   1273.172     1.5614     5.5628     0.0004     0.0826     5.0000   3.348374   1260.776    34.9546  1033.5368    1489.42    6.59108    4.61205  0.000e+00
     4.4501   1273.293     1.5614     5.5551     0.0003     0.0826     5.0000   3.348374   1260.895    34.9548  1033.5375    1489.43    6.59915    4.61770  0.000e+00
     4.4500   1273.409     1.5612     5.5399     0.0005     0.0824     5.0000   3.348399   1261.009    34.9551  1033.5383    1489.43    6.59326    4.61357  0.000e+00
     4.4501   1273.513     1.5609     5.5475     0.0004     0.0825     5.0000   3.348505   1261.112    34.9562  1033.5396    1489.43    6.59136    4.61224  0.000e+00
     4.4507   1273.634     1.5614     5.5551     0.0004     0.0826     5.0000   3.348536   1261.232    34.9559  1033.5399    1489.43    6.59184    4.61258  0.000e+00
     4.4510   1273.725     1.5609     5.5475     0.0005     0.0825     5.0000   3.348630   1261.322    34.9566  1033.5408    1489.44    6.58742    4.60949  0.000e+00
     4.4518   1273.861     1.5612     5.5704     0.0003     0.0827     5.0000   3.348705   1261.456    34.9565  1033.5412    1489.44    6.59009    4.61136  0.000e+00
     4.4524   1273.964     1.5615     5.1660     0.0005     0.0787     5.0000   3.348661   1261.558    34.9554  1033.5407    1489.45    6.58902    4.61061  0.000e+00
     4.4528   1274.074     1.5615     5.1355     0.0003     0.0784     5.0000   3.348692   1261.666    34.9553  1033.5411    1489.45    6.59241    4.61298  0.000e+00
     4.4530   1274.190     1.5611     5.1660     0.0002     0.0787     5.0000   3.348692   1261.780    34.9551  1033.5414    1489.45    6.59008    4.61135  0.000e+00
     4.4530   1274.318     1.5612     5.1737     0.0005     0.0787     5.0000   3.348705   1261.907    34.9551  1033.5420    1489.45    6.59173    4.61251  0.000e+00
     4.4531   1274.453     1.5610     4.9371     0.0004     0.0764     5.0000   3.348692   1262.040    34.9548  1033.5423    1489.46    6.58842    4.61019  0.000e+00
     4.4532   1274.587     1.5617     4.9219     0.0003     0.0762     5.0000   3.348755   1262.173    34.9554  1033.5434    1489.46    6.59376    4.61393  0.000e+00
     4.4531   1274.722     1.5613     4.9371     0.0003     0.0764     5.0000   3.348724   1262.306    34.9550  1033.5437    1489.46    6.59241    4.61298  0.000e+00
     4.4532   1274.855     1.5612     4.9066     0.0002     0.0761     5.0000   3.348730   1262.438    34.9549  1033.5442    1489.46    6.58683    4.60907  0.000e+00
     4.4533   1275.007     1.5614     4.9066     0.0000     0.0761     5.0000   3.348755   1262.588    34.9550  1033.5450    1489.47    6.58808    4.60995  0.000e+00
     4.4533   1275.174     1.5614     5.0287     0.0003     0.0773     5.0000   3.348786   1262.752    34.9553  1033.5460    1489.47    6.59066    4.61175  0.000e+00
     4.4535   1275.312     1.5615     5.0440     0.0004     0.0774     5.0000   3.348855   1262.889    34.9559  1033.5470    1489.47    6.59457    4.61449  0.000e+00
     4.4540   1275.459     1.5621     5.0211     0.0005     0.0772     5.0000   3.348911   1263.034    34.9559  1033.5477    1489.48    6.60305    4.62042  0.000e+00
     4.4544   1275.636     1.5613     5.0440     0.0004     0.0774     5.0000   3.348886   1263.209    34.9551  1033.5478    1489.48    6.59575    4.61532  0.000e+00
     4.4546   1275.789     1.5620     4.9219     0.0005     0.0762     5.0000   3.348886   1263.360    34.9548  1033.5482    1489.48    6.60066    4.61876  0.000e+00
     4.4546   1275.905     1.5605     4.9219     0.0002     0.0762     5.0000   3.348824   1263.474    34.9541  1033.5481    1489.49    6.58428    4.60729  0.000e+00
     4.4544   1276.046     1.5609     4.9295     0.0003     0.0763     5.0000   3.348855   1263.613    34.9546  1033.5492    1489.49    6.58274    4.60622  0.000e+00
     4.4542   1276.173     1.5619     4.9295     0.0005     0.0763     5.0000   3.348855   1263.739    34.9547  1033.5499    1489.49    6.59175    4.61252  0.000e+00
     4.4542   1276.302     1.5619     4.9143     0.0003     0.0761     5.0000   3.349011   1263.866    34.9564  1033.5518    1489.49    6.59514    4.61489  0.000e+00
     4.4545   1276.423     1.5617     4.9219     0.0004     0.0762     5.0000   3.349123   1263.985    34.9573  1033.5530    1489.50    6.59417    4.61421  0.000e+00
     4.4555   1276.526     1.5618     4.9295     0.0005     0.0763     5.0000   3.349135   1264.087    34.9564  1033.5526    1489.50    6.59583    4.61537  0.000e+00
     4.4563   1276.637     1.5609     4.9524     0.0004     0.0765     5.0000   3.349135   1264.197    34.9555  1033.5523    1489.51    6.58943    4.61090  0.000e+00
     4.4566   1276.760     1.5620     4.9524     0.0005     0.0765     5.0000   3.349135   1264.318    34.9551  1033.5525    1489.51    6.60010    4.61836  0.000e+00
     4.4568   1276.869     1.5617     4.6701     0.0004     0.0737     5.0000   3.349123   1264.426    34.9547  1033.5527    1489.51    6.60466    4.62155  0.000e+00
     4.4570   1276.985     1.5620     4.7083     0.0004     0.0741     5.0000   3.349198   1264.540    34.9554  1033.5537    1489.52    6.60085    4.61888  0.000e+00
     4.4570   1277.094     1.5621     4.6548     0.0002     0.0735     5.0000   3.349136   1264.648    34.9546  1033.5536    1489.52    6.59780    4.61675  0.000e+00
     4.4570   1277.211     1.5619     4.6930     0.0002     0.0739     5.0000   3.349167   1264.763    34.9549  1033.5544    1489.52    6.59967    4.61806  0.000e+00
     4.4572   1277.328     1.5617     4.6854     0.0005     0.0739     5.0000   3.349154   1264.879    34.9545  1033.5545    1489.52    6.59923    4.61775  0.000e+00
     4.4570   1277.430     1.5612     4.7006     0.0005     0.0740     5.0000   3.349167   1264.980    34.9548  1033.5553    1489.52    6.59187    4.61260  0.000e+00
     4.4568   1277.546     1.5622     4.7006     0.0004     0.0740     5.0000   3.349167   1265.095    34.9549  1033.5559    1489.52    6.60221    4.61984  0.000e+00
     4.4568   1277.668     1.5612     4.6854     0.0003     0.0739     5.0000   3.349167   1265.215    34.9548  1033.5564    1489.53    6.58372    4.60690  0.000e+00
     4.4570   1277.802     1.5617     4.6396     0.0002     0.0734     5.0000   3.349186   1265.347    34.9548  1033.5570    1489.53    6.58823    4.61006  0.000e+00
     4.4570   1277.962     1.5618     4.4336     0.0005     0.0713     5.0000   3.349198   1265.505    34.9549  1033.5578    1489.53    6.58855    4.61028  0.000e+00
     4.4568   1278.102     1.5619     4.4412     0.0005     0.0714     5.0000   3.349167   1265.643    34.9546  1033.5582    1489.53    6.59239    4.61297  0.000e+00
     4.4568   1278.267     1.5614     4.4336     0.0003     0.0713     5.0000   3.349167   1265.806    34.9546  1033.5589    1489.54    6.59026    4.61148  0.000e+00
     4.4566   1278.437     1.5616     4.4336     0.0000     0.0713     5.0000   3.349217   1265.974    34.9552  1033.5602    1489.54    6.59415    4.61420  0.000e+00
     4.4567   1278.585     1.5619     4.4107     0.0004     0.0711     5.0000   3.349198   1266.120    34.9549  1033.5606    1489.54    6.59818    4.61702  0.000e+00
     4.4567   1278.743     1.5613     4.5633     0.0004     0.0726     5.0000   3.349229   1266.276    34.9552  1033.5615    1489.54    6.58711    4.60927  0.000e+00
     4.4568   1278.896     1.5613     4.5786     0.0003     0.0728     5.0000   3.349186   1266.427    34.9545  1033.5617    1489.55    6.58910    4.61066  0.000e+00
     4.4568   1279.048     1.5618     4.5480     0.0003     0.0725     5.0000   3.349198   1266.577    34.9545  1033.5624    1489.55    6.59138    4.61226  0.000e+00
     4.4565   1279.182     1.5613     4.5404     0.0004     0.0724     5.0000   3.349167   1266.709    34.9544  1033.5629    1489.55    6.58619    4.60863  0.000e+00
     4.4563   1279.304     1.5616     4.6548     0.0002     0.0735     5.0000   3.349167   1266.830    34.9545  1033.5636    1489.55    6.59040    4.61157  0.000e+00
     4.4564   1279.427     1.5616     4.6854     0.0004     0.0739     5.0000   3.349186   1266.951    34.9546  1033.5642    1489.55    6.59385    4.61399  0.000e+00
     4.4565   1279.543     1.5613     4.6625     0.0003     0.0736     5.0000   3.349199   1267.065    34.9546  1033.5647    1489.56    6.59005    4.61133  0.000e+00
     4.4562   1279.677     1.5613     4.6854     0.0006     0.0739     5.0000   3.349199   1267.198    34.9549  1033.5656    1489.56    6.59021    4.61144  0.000e+00
     4.4564   1279.792     1.5616     4.6777     0.0002     0.0738     5.0000   3.349230   1267.312    34.9550  1033.5662    1489.56    6.59646    4.61581  0.000e+00
     4.4563   1279.933     1.5615     4.4489     0.0002     0.0715     5.0000   3.349217   1267.450    34.9548  1033.5667    1489.56    6.59474    4.61461  0.000e+00
     4.4563   1280.067     1.5608     4.4336     0.0002     0.0713     5.0000   3.349230   1267.583    34.9549  1033.5673    1489.56    6.58318    4.60652  0.000e+00
     4.4563   1280.201     1.5610     4.4412     0.0008     0.0714     5.0000   3.349267   1267.715    34.9552  1033.5682    1489.57    6.58440    4.60738  0.000e+00
     4.4566   1280.330     1.5605     4.4336     0.0005     0.0713     5.0000   3.349517   1267.842    34.9578  1033.5708    1489.57    6.57428    4.60030  0.000e+00
     4.4574   1280.464     1.5612     4.4183     0.0003     0.0712     5.0000   3.349728   1267.975    34.9594  1033.5725    1489.58    6.58145    4.60531  0.000e+00
     4.4593   1280.592     1.5606     4.4183     0.0005     0.0712     5.0000   3.349710   1268.101    34.9571  1033.5710    1489.59    6.57624    4.60167  0.000e+00
     4.4603   1280.683     1.5612     4.4565     0.0005     0.0716     5.0000   3.349710   1268.191    34.9560  1033.5705    1489.59    6.58343    4.60670  0.000e+00
     4.4610   1280.788     1.5610     4.4183     0.0003     0.0712     5.0000   3.349710   1268.295    34.9552  1033.5702    1489.60    6.58382    4.60697  0.000e+00
     4.4612   1280.878     1.5610     4.4336     0.0002     0.0713     5.0000   3.349729   1268.384    34.9552  1033.5706    1489.60    6.58876    4.61043  0.000e+00
     4.4613   1280.989     1.5609     3.8232     0.0003     0.0652     5.0000   3.349741   1268.493    34.9552  1033.5710    1489.60    6.59309    4.61346  0.000e+00
     4.4613   1281.123     1.5610     3.8156     0.0003     0.0652     5.0000   3.349673   1268.625    34.9543  1033.5710    1489.60    6.59343    4.61369  0.000e+00
     4.4612   1281.252     1.5610     3.8003     0.0005     0.0650     5.0000   3.349698   1268.752    34.9547  1033.5719    1489.60    6.59447    4.61442  0.000e+00
     4.4612   1281.372     1.5614     3.8309     0.0002     0.0653     5.0000   3.349741   1268.871    34.9552  1033.5728    1489.61    6.59746    4.61651  0.000e+00
     4.4611   1281.532     1.5615     3.8309     0.0004     0.0653     5.0000   3.349772   1269.029    34.9555  1033.5738    1489.61    6.60373    4.62090  0.000e+00
     4.4612   1281.691     1.5613     3.8080     0.0003     0.0651     5.0000   3.349804   1269.186    34.9557  1033.5746    1489.61    6.60059    4.61870  0.000e+00
     4.4615   1281.849     1.5618     3.8080     0.0005     0.0651     5.0000   3.349847   1269.342    34.9558  1033.5754    1489.62    6.60953    4.62496  0.000e+00
     4.4619   1282.008     1.5614     3.8080     0.0002     0.0651     5.0000   3.349835   1269.499    34.9551  1033.5755    1489.62    6.60660    4.62291  0.000e+00
     4.4620   1282.156     1.5610     3.8309     0.0003     0.0653     5.0000   3.349866   1269.645    34.9553  1033.5763    1489.62    6.59971    4.61809  0.000e+00
