tamoc/data/ctd_BM54.cnv
* Sea-Bird SBE 19plus Data File:
* FileName = C:\ctdata\bc\B54.hex
* Software Version Seasave V 7.18
* Temperature SN = 5136
* Conductivity SN = 5136
* System UpLoad Time = May 30 2010 18:22:12
** Ship:R/V  Brooks McCall
** Station ID: B54
** Lat. 28 43.945
** Lon. 88 22.607
# nquan = 15
# nvalues = 11728                                 
# units = specified
# name 0 = tv290C: Temperature [ITS-90, deg C]
# name 1 = prdM: Pressure, Strain Gauge [db]
# name 2 = sbeox0V: Oxygen raw, SBE 43 [V]
# name 3 = flECO-AFL: Fluorescence, Wetlab ECO-AFL/FL [mg/m^3]
# name 4 = v1: Voltage 1
# name 5 = v2: Voltage 2
# name 6 = v3: Voltage 3
# name 7 = c0S/m: Conductivity [S/m]
# name 8 = depSM: Depth [salt water, m]
# name 9 = sal00: Salinity, Practical [PSU]
# name 10 = density00: Density [density, Kg/m^3]
# name 11 = svCM: Sound Velocity [Chen-Millero, m/s]
# name 12 = sbeox0Mg/L: Oxygen, SBE 43 [mg/l]
# name 13 = sbeox0ML/L: Oxygen, SBE 43 [ml/l]
# name 14 = flag:  0.000e+00
# span 0 =     4.3259,    28.9493                 
# span 1 =      0.168,   1545.828                 
# span 2 =     1.2737,     2.6240                 
# span 3 =     0.4205,    88.0530                 
# span 4 =     0.0000,     0.0008                 
# span 5 =     0.0312,     0.9075                 
# span 6 =     0.7170,     5.0000                 
# span 7 =   0.001200,   5.766212                 
# span 8 =      0.167,   1529.789                 
# span 9 =     0.0157,    36.8742                 
# span 10 =   995.9742,  1034.7914                
# span 11 =    1487.36,    1541.81                
# span 12 =    3.79673,    8.31612                
# span 13 =    2.65673,    5.81913                
# span 14 = 0.0000e+00, 0.0000e+00                
# interval = seconds: 0.25
# start_time = May 30 2010 18:22:12
# bad_flag = -9.990e-29
*END*
[from data line 8772]
     4.6137   1168.172     1.5226    15.1607     0.0003     0.1786     5.0000   3.357775   1157.087    34.9449  1033.0313    1488.34    6.24210    4.36785  0.000e+00
     4.6134   1168.324     1.5230    15.1302     0.0003     0.1783     5.0000   3.357744   1157.237    34.9448  1033.0319    1488.34    6.24785    4.37187  0.000e+00
     4.6132   1168.472     1.5221    15.1302     0.0002     0.1783     5.0000   3.357694   1157.383    34.9443  1033.0322    1488.34    6.23826    4.36517  0.000e+00
     4.6125   1168.625     1.5225    13.3678     0.0003     0.1607     5.0000   3.357619   1157.535    34.9441  1033.0328    1488.34    6.23783    4.36486  0.000e+00
     4.6121   1168.771     1.5225    13.3754     0.0005     0.1608     5.0000   3.357682   1157.679    34.9453  1033.0345    1488.34    6.23623    4.36375  0.000e+00
     4.6118   1168.936     1.5231    13.3983     0.0004     0.1610     5.0000   3.357744   1157.842    34.9462  1033.0360    1488.35    6.24264    4.36823  0.000e+00
     4.6122   1169.077     1.5223    13.4059     0.0004     0.1611     5.0000   3.357719   1157.981    34.9454  1033.0360    1488.35    6.23231    4.36101  0.000e+00
     4.6122   1169.224     1.5222    13.6195     0.0004     0.1632     5.0000   3.357744   1158.126    34.9457  1033.0368    1488.35    6.22977    4.35923  0.000e+00
     4.6123   1169.370     1.5219    13.6500     0.0003     0.1635     5.0000   3.357744   1158.270    34.9455  1033.0373    1488.35    6.22242    4.35408  0.000e+00
     4.6124   1169.517     1.5225    13.6348     0.0005     0.1633     5.0000   3.357719   1158.415    34.9450  1033.0375    1488.36    6.22899    4.35868  0.000e+00
     4.6123   1169.657     1.5223    13.6348     0.0003     0.1633     5.0000   3.357589   1158.553    34.9435  1033.0371    1488.36    6.23199    4.36078  0.000e+00
     4.6116   1169.809     1.5222    13.6119     0.0005     0.1631     5.0000   3.357589   1158.704    34.9442  1033.0384    1488.36    6.22795    4.35795  0.000e+00
     4.6109   1169.933     1.5229    12.6887     0.0004     0.1539     5.0000   3.357620   1158.826    34.9452  1033.0398    1488.36    6.23613    4.36368  0.000e+00
     4.6108   1170.072     1.5231    12.6658     0.0005     0.1537     5.0000   3.357664   1158.963    34.9457  1033.0408    1488.36    6.24290    4.36841  0.000e+00
     4.6106   1170.195     1.5229    12.6811     0.0005     0.1538     5.0000   3.357651   1159.085    34.9457  1033.0415    1488.36    6.25083    4.37397  0.000e+00
     4.6108   1170.324     1.5235    12.7040     0.0003     0.1540     5.0000   3.357458   1159.212    34.9432  1033.0400    1488.36    6.26121    4.38123  0.000e+00
     4.6102   1170.433     1.5232    12.0631     0.0006     0.1476     5.0000   3.357483   1159.320    34.9441  1033.0413    1488.36    6.25944    4.37999  0.000e+00
     4.6096   1170.544     1.5229    12.0478     0.0006     0.1475     5.0000   3.357458   1159.429    34.9443  1033.0421    1488.36    6.25044    4.37369  0.000e+00
     4.6088   1170.648     1.5239    12.0784     0.0000     0.1478     5.0000   3.357458   1159.532    34.9451  1033.0433    1488.36    6.26280    4.38234  0.000e+00
     4.6085   1170.770     1.5248    12.0707     0.0002     0.1477     5.0000   3.357458   1159.653    34.9454  1033.0442    1488.36    6.27530    4.39108  0.000e+00
     4.6083   1170.885     1.5244    12.0402     0.0007     0.1474     5.0000   3.357452   1159.767    34.9455  1033.0448    1488.36    6.27189    4.38870  0.000e+00
     4.6083   1171.007     1.5236    11.2086     0.0003     0.1391     5.0000   3.357458   1159.887    34.9455  1033.0453    1488.36    6.26096    4.38105  0.000e+00
     4.6082   1171.130     1.5247    11.2544     0.0002     0.1395     5.0000   3.357458   1160.008    34.9455  1033.0459    1488.37    6.27197    4.38875  0.000e+00
     4.6080   1171.276     1.5252    11.2162     0.0004     0.1392     5.0000   3.357483   1160.153    34.9460  1033.0469    1488.37    6.27878    4.39352  0.000e+00
     4.6078   1171.405     1.5256    11.2315     0.0002     0.1393     5.0000   3.357458   1160.280    34.9458  1033.0474    1488.37    6.28796    4.39994  0.000e+00
     4.6078   1171.538     1.5253    11.7274     0.0004     0.1443     5.0000   3.357458   1160.411    34.9458  1033.0480    1488.37    6.28356    4.39687  0.000e+00
     4.6077   1171.679     1.5257    11.7121     0.0004     0.1441     5.0000   3.357458   1160.551    34.9457  1033.0486    1488.37    6.28056    4.39476  0.000e+00
     4.6077   1171.839     1.5259    11.7198     0.0002     0.1442     5.0000   3.357483   1160.709    34.9460  1033.0495    1488.38    6.28270    4.39626  0.000e+00
     4.6076   1171.997     1.5260    11.7350     0.0002     0.1444     5.0000   3.357458   1160.865    34.9457  1033.0501    1488.38    6.28872    4.40048  0.000e+00
     4.6078   1172.132     1.5268    11.6740     0.0004     0.1437     5.0000   3.357458   1160.998    34.9454  1033.0504    1488.38    6.29880    4.40753  0.000e+00
     4.6078   1172.285     1.5267    11.5672     0.0005     0.1427     5.0000   3.357483   1161.149    34.9457  1033.0513    1488.38    6.29058    4.40178  0.000e+00
     4.6078   1172.437     1.5266    11.5672     0.0005     0.1427     5.0000   3.357427   1161.300    34.9450  1033.0514    1488.39    6.28677    4.39911  0.000e+00
     4.6075   1172.571     1.5270    11.5901     0.0003     0.1429     5.0000   3.357459   1161.432    34.9455  1033.0525    1488.39    6.29015    4.40147  0.000e+00
     4.6074   1172.718     1.5263    11.5901     0.0002     0.1429     5.0000   3.357459   1161.577    34.9456  1033.0532    1488.39    6.28121    4.39522  0.000e+00
     4.6077   1172.883     1.5277    11.2086     0.0005     0.1391     5.0000   3.357484   1161.740    34.9454  1033.0538    1488.39    6.29115    4.40218  0.000e+00
     4.6074   1173.024     1.5274    11.2239     0.0005     0.1392     5.0000   3.357496   1161.879    34.9458  1033.0548    1488.40    6.28809    4.40004  0.000e+00
     4.6076   1173.158     1.5283    11.2086     0.0005     0.1391     5.0000   3.357559   1162.012    34.9463  1033.0557    1488.40    6.29745    4.40659  0.000e+00
     4.6077   1173.279     1.5281    11.2239     0.0000     0.1392     5.0000   3.357453   1162.131    34.9449  1033.0552    1488.40    6.29593    4.40552  0.000e+00
     4.6074   1173.396     1.5279    11.2773     0.0003     0.1398     5.0000   3.357496   1162.246    34.9457  1033.0563    1488.40    6.29549    4.40522  0.000e+00
     4.6073   1173.506     1.5280    11.3230     0.0005     0.1402     5.0000   3.357496   1162.355    34.9458  1033.0569    1488.40    6.29583    4.40545  0.000e+00
     4.6073   1173.615     1.5287    11.3307     0.0002     0.1403     5.0000   3.357496   1162.463    34.9457  1033.0574    1488.40    6.30150    4.40942  0.000e+00
     4.6073   1173.737     1.5281    11.3612     0.0006     0.1406     5.0000   3.357484   1162.583    34.9454  1033.0577    1488.41    6.29417    4.40429  0.000e+00
     4.6073   1173.837     1.5285    11.3459     0.0003     0.1405     5.0000   3.357496   1162.682    34.9456  1033.0583    1488.41    6.28730    4.39948  0.000e+00
     4.6073   1173.927     1.5277    11.3536     0.0005     0.1405     5.0000   3.357428   1162.772    34.9448  1033.0581    1488.41    6.27655    4.39196  0.000e+00
     4.6068   1174.054     1.5286    11.3307     0.0002     0.1403     5.0000   3.357391   1162.897    34.9447  1033.0587    1488.41    6.27932    4.39390  0.000e+00
     4.6064   1174.172     1.5282    11.3459     0.0002     0.1405     5.0000   3.357428   1163.013    34.9455  1033.0599    1488.41    6.27737    4.39254  0.000e+00
     4.6062   1174.318     1.5287    11.3307     0.0002     0.1403     5.0000   3.357397   1163.157    34.9453  1033.0604    1488.41    6.28392    4.39712  0.000e+00
     4.6061   1174.459     1.5290    11.5824     0.0003     0.1428     5.0000   3.357428   1163.296    34.9457  1033.0614    1488.41    6.28692    4.39922  0.000e+00
     4.6060   1174.612     1.5286    11.5824     0.0002     0.1428     5.0000   3.357422   1163.448    34.9457  1033.0621    1488.42    6.28266    4.39624  0.000e+00
     4.6059   1174.770     1.5289    11.5748     0.0002     0.1427     5.0000   3.357428   1163.604    34.9458  1033.0629    1488.42    6.29054    4.40175  0.000e+00
     4.6058   1174.942     1.5292    11.5672     0.0004     0.1427     5.0000   3.357397   1163.774    34.9454  1033.0634    1488.42    6.29465    4.40463  0.000e+00
     4.6055   1175.106     1.5283    11.5367     0.0003     0.1424     5.0000   3.357272   1163.935    34.9443  1033.0633    1488.42    6.28585    4.39847  0.000e+00
     4.6049   1175.283     1.5287    11.8495     0.0005     0.1455     5.0000   3.357179   1164.111    34.9437  1033.0637    1488.42    6.28119    4.39521  0.000e+00
     4.6040   1175.460     1.5290    11.8342     0.0005     0.1453     5.0000   3.357273   1164.285    34.9456  1033.0661    1488.42    6.28567    4.39834  0.000e+00
     4.6036   1175.608     1.5291    11.8190     0.0004     0.1452     5.0000   3.357241   1164.432    34.9456  1033.0668    1488.42    6.28429    4.39738  0.000e+00
     4.6034   1175.761     1.5291    11.8190     0.0002     0.1452     5.0000   3.357179   1164.582    34.9450  1033.0671    1488.42    6.28580    4.39843  0.000e+00
     4.6033   1175.901     1.5287    12.0478     0.0004     0.1475     5.0000   3.356830   1164.721    34.9410  1033.0646    1488.42    6.28359    4.39689  0.000e+00
     4.6015   1176.022     1.5296    12.1013     0.0000     0.1480     5.0000   3.356699   1164.841    34.9413  1033.0657    1488.41    6.29226    4.40295  0.000e+00
     4.5996   1176.139     1.5288    12.0478     0.0004     0.1475     5.0000   3.356699   1164.956    34.9432  1033.0679    1488.41    6.28609    4.39864  0.000e+00
     4.5982   1176.242     1.5296    12.0707     0.0004     0.1477     5.0000   3.356487   1165.058    34.9422  1033.0678    1488.41    6.29836    4.40722  0.000e+00
     4.5968   1176.340     1.5290    12.0555     0.0002     0.1476     5.0000   3.356450   1165.154    34.9432  1033.0692    1488.40    6.28888    4.40059  0.000e+00
     4.5955   1176.463     1.5297    13.2762     0.0005     0.1598     5.0000   3.356512   1165.276    34.9452  1033.0716    1488.40    6.29335    4.40372  0.000e+00
     4.5948   1176.559     1.5294    13.2838     0.0005     0.1598     5.0000   3.356250   1165.371    34.9428  1033.0702    1488.40    6.29160    4.40249  0.000e+00
     4.5934   1176.677     1.5298    13.2457     0.0006     0.1595     5.0000   3.355845   1165.487    34.9395  1033.0683    1488.39    6.29842    4.40727  0.000e+00
     4.5908   1176.798     1.5302    13.2533     0.0004     0.1595     5.0000   3.355752   1165.607    34.9411  1033.0705    1488.38    6.30638    4.41283  0.000e+00
     4.5883   1176.933     1.5299    14.9318     0.0003     0.1763     5.0000   3.355465   1165.740    34.9403  1033.0709    1488.37    6.30212    4.40985  0.000e+00
     4.5855   1177.067     1.5296    14.9242     0.0005     0.1762     5.0000   3.354891   1165.873    34.9365  1033.0688    1488.36    6.30154    4.40945  0.000e+00
     4.5814   1177.195     1.5297    14.9318     0.0003     0.1763     5.0000   3.354960   1165.999    34.9415  1033.0739    1488.35    6.29644    4.40588  0.000e+00
     4.5788   1177.324     1.5297    14.9242     0.0004     0.1762     5.0000   3.354991   1166.126    34.9446  1033.0773    1488.35    6.29642    4.40586  0.000e+00
     4.5774   1177.453     1.5304    14.9318     0.0004     0.1763     5.0000   3.354836   1166.253    34.9441  1033.0777    1488.34    6.30167    4.40954  0.000e+00
     4.5765   1177.580     1.5309    16.7247     0.0005     0.1942     5.0000   3.354711   1166.380    34.9436  1033.0780    1488.34    6.31168    4.41654  0.000e+00
     4.5752   1177.715     1.5297    16.7018     0.0000     0.1940     5.0000   3.354736   1166.513    34.9451  1033.0800    1488.34    6.29658    4.40598  0.000e+00
     4.5744   1177.837     1.5303    16.7324     0.0002     0.1943     5.0000   3.354549   1166.633    34.9438  1033.0796    1488.34    6.30142    4.40936  0.000e+00
     4.5733   1177.953     1.5304    16.7400     0.0004     0.1944     5.0000   3.354505   1166.748    34.9444  1033.0808    1488.33    6.30625    4.41274  0.000e+00
     4.5722   1178.087     1.5313    17.4190     0.0002     0.2012     5.0000   3.354487   1166.880    34.9452  1033.0821    1488.33    6.32010    4.42244  0.000e+00
     4.5718   1178.222     1.5304    17.4343     0.0005     0.2013     5.0000   3.354518   1167.013    34.9459  1033.0834    1488.34    6.31093    4.41602  0.000e+00
     4.5714   1178.343     1.5301    17.4572     0.0003     0.2016     5.0000   3.354487   1167.133    34.9459  1033.0840    1488.34    6.30082    4.40894  0.000e+00
     4.5711   1178.508     1.5313    17.4648     0.0003     0.2016     5.0000   3.354443   1167.296    34.9457  1033.0846    1488.34    6.30936    4.41492  0.000e+00
     4.5708   1178.649     1.5316    17.4495     0.0003     0.2015     5.0000   3.354456   1167.435    34.9461  1033.0856    1488.34    6.31874    4.42148  0.000e+00
     4.5706   1178.796     1.5313    18.5406     0.0002     0.2124     5.0000   3.354356   1167.580    34.9451  1033.0855    1488.34    6.32422    4.42531  0.000e+00
     4.5702   1178.967     1.5315    18.5406     0.0002     0.2124     5.0000   3.354325   1167.750    34.9450  1033.0862    1488.34    6.32233    4.42400  0.000e+00
     4.5694   1179.144     1.5318    18.5024     0.0003     0.2120     5.0000   3.354387   1167.924    34.9464  1033.0883    1488.34    6.32562    4.42630  0.000e+00
     4.5692   1179.321     1.5318    18.5177     0.0002     0.2122     5.0000   3.354325   1168.099    34.9458  1033.0886    1488.34    6.32374    4.42498  0.000e+00
     4.5691   1179.498     1.5320    19.2730     0.0006     0.2197     5.0000   3.354325   1168.274    34.9459  1033.0895    1488.34    6.33164    4.43051  0.000e+00
     4.5690   1179.670     1.5321    19.2730     0.0002     0.2197     5.0000   3.354325   1168.444    34.9459  1033.0903    1488.35    6.32979    4.42921  0.000e+00
     4.5687   1179.833     1.5325    19.2883     0.0003     0.2199     5.0000   3.354325   1168.605    34.9461  1033.0913    1488.35    6.32710    4.42733  0.000e+00
     4.5687   1179.962     1.5328    19.2577     0.0005     0.2196     5.0000   3.354325   1168.732    34.9460  1033.0918    1488.35    6.33277    4.43130  0.000e+00
     4.5685   1180.096     1.5330    19.2730     0.0004     0.2197     5.0000   3.354325   1168.865    34.9462  1033.0926    1488.35    6.33871    4.43546  0.000e+00
     4.5686   1180.201     1.5336    18.7542     0.0004     0.2145     5.0000   3.354325   1168.968    34.9461  1033.0929    1488.35    6.34655    4.44094  0.000e+00
     4.5684   1180.292     1.5344    18.7771     0.0000     0.2148     5.0000   3.354294   1169.058    34.9458  1033.0931    1488.36    6.35904    4.44968  0.000e+00
     4.5682   1180.396     1.5338    18.7694     0.0003     0.2147     5.0000   3.354263   1169.161    34.9456  1033.0935    1488.36    6.35687    4.44817  0.000e+00
     4.5679   1180.482     1.5348    18.7923     0.0005     0.2149     5.0000   3.354357   1169.246    34.9470  1033.0950    1488.36    6.36616    4.45466  0.000e+00
     4.5680   1180.574     1.5345    18.9220     0.0004     0.2162     5.0000   3.354357   1169.337    34.9468  1033.0953    1488.36    6.36199    4.45174  0.000e+00
     4.5684   1180.691     1.5346    18.8763     0.0005     0.2158     5.0000   3.354456   1169.452    34.9476  1033.0963    1488.36    6.35782    4.44882  0.000e+00
     4.5688   1180.794     1.5354    18.8915     0.0005     0.2159     5.0000   3.354519   1169.554    34.9478  1033.0969    1488.37    6.36287    4.45236  0.000e+00
